# name: UNR-LaLiga-IPv4
# type: address-group
# description: LaLiga streaming IPv4 endpoints (auto-generated from hayahora.futbol)

104.16.174.226
104.16.175.226
104.18.2.236
104.18.3.236
104.18.4.181
104.18.5.181
104.21.10.14
104.21.11.126
104.21.11.171
104.21.12.160
104.21.14.169
104.21.14.239
104.21.16.108
104.21.16.231
104.21.16.237
104.21.17.158
104.21.17.223
104.21.18.223
104.21.19.85
104.21.2.204
104.21.22.45
104.21.23.212
104.21.24.32
104.21.25.102
104.21.25.193
104.21.25.45
104.21.25.78
104.21.3.206
104.21.31.206
104.21.31.45
104.21.33.112
104.21.33.238
104.21.42.29
104.21.43.111
104.21.43.124
104.21.43.65
104.21.44.10
104.21.44.133
104.21.45.126
104.21.47.174
104.21.47.176
104.21.5.35
104.21.52.71
104.21.52.9
104.21.55.220
104.21.58.232
104.21.6.127
104.21.65.160
104.21.65.35
104.21.66.54
104.21.67.172
104.21.7.20
104.21.70.243
104.21.71.100
104.21.71.115
104.21.72.141
104.21.74.36
104.21.74.84
104.21.76.218
104.21.79.155
104.21.82.97
104.21.84.126
104.21.84.192
104.21.86.110
104.21.86.188
104.26.0.183
104.26.0.249
104.26.1.183
104.26.1.249
104.26.10.14
104.26.10.225
104.26.10.227
104.26.10.35
104.26.11.14
104.26.11.225
104.26.11.227
104.26.11.35
104.26.12.111
104.26.12.164
104.26.12.38
104.26.12.84
104.26.12.85
104.26.13.111
104.26.13.164
104.26.13.38
104.26.13.84
104.26.13.85
104.26.14.102
104.26.14.49
104.26.14.60
104.26.15.102
104.26.15.49
104.26.15.60
104.26.2.228
104.26.2.32
104.26.2.89
104.26.3.228
104.26.3.32
104.26.3.89
104.26.4.102
104.26.4.193
104.26.5.102
104.26.5.193
104.26.6.173
104.26.6.197
104.26.6.225
104.26.7.173
104.26.7.197
104.26.7.225
104.26.8.197
104.26.8.243
104.26.8.44
104.26.8.49
104.26.8.99
104.26.9.197
104.26.9.243
104.26.9.44
104.26.9.49
104.26.9.99
108.157.98.35
108.157.98.57
108.157.98.76
108.157.98.81
13.226.244.121
13.226.244.38
13.226.244.39
13.226.244.69
135.125.218.6
143.244.56.52
143.244.56.53
162.159.140.98
162.159.200.1
163.181.49.181
163.181.49.183
163.181.49.190
163.181.49.203
172.64.66.1
172.66.0.96
172.66.40.201
172.66.43.55
172.67.131.46
172.67.131.57
172.67.132.222
172.67.134.1
172.67.134.127
172.67.139.193
172.67.140.252
172.67.144.129
172.67.144.96
172.67.146.117
172.67.147.37
172.67.149.124
172.67.149.94
172.67.151.175
172.67.152.229
172.67.155.100
172.67.156.103
172.67.160.20
172.67.160.200
172.67.161.227
172.67.162.163
172.67.166.176
172.67.166.9
172.67.167.67
172.67.173.115
172.67.174.246
172.67.177.19
172.67.178.138
172.67.178.157
172.67.178.253
172.67.179.20
172.67.179.244
172.67.181.99
172.67.183.216
172.67.185.175
172.67.188.192
172.67.192.200
172.67.192.201
172.67.193.5
172.67.195.34
172.67.196.174
172.67.196.56
172.67.196.60
172.67.197.49
172.67.199.148
172.67.199.227
172.67.200.145
172.67.200.91
172.67.201.68
172.67.201.78
172.67.202.167
172.67.209.250
172.67.213.174
172.67.214.75
172.67.216.131
172.67.216.209
172.67.216.218
172.67.218.145
172.67.218.98
172.67.220.241
172.67.221.116
172.67.222.175
172.67.223.187
172.67.223.192
172.67.223.249
172.67.68.126
172.67.68.131
172.67.68.169
172.67.69.14
172.67.69.226
172.67.69.232
172.67.69.27
172.67.69.29
172.67.69.53
172.67.69.72
172.67.69.84
172.67.70.162
172.67.70.74
172.67.71.101
172.67.71.134
172.67.71.150
172.67.71.189
172.67.72.129
172.67.72.203
172.67.72.221
172.67.73.193
172.67.73.71
172.67.74.105
172.67.74.111
172.67.74.157
172.67.74.162
172.67.75.50
172.67.75.81
18.172.213.10
18.172.213.109
18.172.213.61
18.172.226.101
18.172.226.128
18.172.226.28
18.172.226.35
18.172.226.99
185.244.226.2
188.114.96.3
188.114.96.5
188.114.97.3
188.114.97.5
192.124.249.102
192.124.249.118
192.124.249.14
192.124.249.164
192.124.249.182
192.124.249.25
192.124.249.53
192.124.249.78
192.124.249.79
192.124.249.85
192.124.249.88
23.90.190.141
43.152.188.52
45.11.37.254
45.11.38.254
45.11.39.254
47.246.45.179
47.246.45.183
5.188.183.13
51.15.61.80
65.9.175.112
65.9.175.122
65.9.175.78
65.9.175.86
