# name: UNR-LaLiga-IPv6
# type: ipv6-address-group
# description: LaLiga streaming IPv6 endpoints (auto-generated from hayahora.futbol)

2606:4700:20::681a:1b7
2606:4700:20::681a:220
2606:4700:20::681a:259
2606:4700:20::681a:320
2606:4700:20::681a:359
2606:4700:20::681a:466
2606:4700:20::681a:4c1
2606:4700:20::681a:566
2606:4700:20::681a:5c1
2606:4700:20::681a:6ad
2606:4700:20::681a:6c5
2606:4700:20::681a:6e1
2606:4700:20::681a:7ad
2606:4700:20::681a:7c5
2606:4700:20::681a:7e1
2606:4700:20::681a:82c
2606:4700:20::681a:831
2606:4700:20::681a:8c5
2606:4700:20::681a:8f3
2606:4700:20::681a:92c
2606:4700:20::681a:931
2606:4700:20::681a:9c5
2606:4700:20::681a:9f3
2606:4700:20::681a:a0e
2606:4700:20::681a:a23
2606:4700:20::681a:ae3
2606:4700:20::681a:b0e
2606:4700:20::681a:b23
2606:4700:20::681a:b7
2606:4700:20::681a:be3
2606:4700:20::681a:c54
2606:4700:20::681a:c55
2606:4700:20::681a:d54
2606:4700:20::681a:d55
2606:4700:20::681a:e31
2606:4700:20::681a:e66
2606:4700:20::681a:f31
2606:4700:20::681a:f66
2606:4700:20::ac43:4483
2606:4700:20::ac43:44a9
2606:4700:20::ac43:450e
2606:4700:20::ac43:451b
2606:4700:20::ac43:451d
2606:4700:20::ac43:4535
2606:4700:20::ac43:4548
2606:4700:20::ac43:4554
2606:4700:20::ac43:45e2
2606:4700:20::ac43:46a2
2606:4700:20::ac43:4786
2606:4700:20::ac43:4796
2606:4700:20::ac43:47bd
2606:4700:20::ac43:49c1
2606:4700:20::ac43:4a69
2606:4700:20::ac43:4a6f
2606:4700:20::ac43:4aa2
2606:4700:20::ac43:4b32
2606:4700:20::ac43:4b51
2606:4700:2ff9::1
2606:4700:3030::6815:12df
2606:4700:3030::6815:2b6f
2606:4700:3030::6815:2fae
2606:4700:3030::6815:43ac
2606:4700:3030::6815:523
2606:4700:3030::6815:53dc
2606:4700:3030::6815:54c0
2606:4700:3030::6815:566e
2606:4700:3030::6815:56bc
2606:4700:3030::ac43:8601
2606:4700:3030::ac43:9060
2606:4700:3030::ac43:955e
2606:4700:3030::ac43:98e5
2606:4700:3030::ac43:9b64
2606:4700:3030::ac43:9c67
2606:4700:3030::ac43:a2c6
2606:4700:3030::ac43:b113
2606:4700:3030::ac43:c4ae
2606:4700:3030::ac43:c944
2606:4700:3030::ac43:d64b
2606:4700:3031::6815:10e7
2606:4700:3031::6815:2170
2606:4700:3031::6815:37dc
2606:4700:3031::6815:4a24
2606:4700:3031::6815:4f9b
2606:4700:3031::6815:714
2606:4700:3031::ac43:9081
2606:4700:3031::ac43:97af
2606:4700:3031::ac43:a1e3
2606:4700:3031::ac43:a6b0
2606:4700:3031::ac43:b29d
2606:4700:3031::ac43:c438
2606:4700:3031::ac43:d8d1
2606:4700:3031::ac43:dfc0
2606:4700:3032::6815:119e
2606:4700:3032::6815:17d4
2606:4700:3032::6815:192d
2606:4700:3032::6815:2a1d
2606:4700:3032::6815:2c85
2606:4700:3032::6815:4764
2606:4700:3032::6815:488d
2606:4700:3032::6815:a0e
2606:4700:3032::6815:b7e
2606:4700:3032::ac43:a0c8
2606:4700:3032::ac43:aef6
2606:4700:3032::ac43:b634
2606:4700:3032::ac43:d1fa
2606:4700:3032::ac43:da91
2606:4700:3033::6815:10ed
2606:4700:3033::6815:162d
2606:4700:3033::6815:1fce
2606:4700:3033::6815:21ee
2606:4700:3033::6815:547e
2606:4700:3033::6815:ea9
2606:4700:3033::ac43:957c
2606:4700:3033::ac43:b3f4
2606:4700:3033::ac43:c0c9
2606:4700:3033::ac43:c105
2606:4700:3033::ac43:dff9
2606:4700:3034::6815:11df
2606:4700:3034::6815:2cc
2606:4700:3034::6815:3ae8
2606:4700:3034::ac43:8339
2606:4700:3034::ac43:84de
2606:4700:3034::ac43:a743
2606:4700:3034::ac43:b314
2606:4700:3034::ac43:c0c8
2606:4700:3034::ac43:c891
2606:4700:3034::ac43:d5ae
2606:4700:3035::6815:1f2d
2606:4700:3035::6815:3447
2606:4700:3035::6815:3ce
2606:4700:3035::6815:4123
2606:4700:3035::6815:f8e
2606:4700:3035::ac43:832e
2606:4700:3035::ac43:ad73
2606:4700:3035::ac43:b28a
2606:4700:3035::ac43:c794
2606:4700:3035::ac43:deaf
2606:4700:3035::ac43:dfbb
2606:4700:3036::6815:194e
2606:4700:3036::6815:1966
2606:4700:3036::6815:2b7c
2606:4700:3036::6815:2d7e
2606:4700:3036::6815:3409
2606:4700:3036::6815:41a0
2606:4700:3036::6815:4236
2606:4700:3036::6815:eef
2606:4700:3036::ac43:9275
2606:4700:3036::ac43:9325
2606:4700:3036::ac43:a014
2606:4700:3036::ac43:bcc0
2606:4700:3037::6815:106c
2606:4700:3037::6815:2c0a
2606:4700:3037::6815:2fb0
2606:4700:3037::6815:4773
2606:4700:3037::6815:4a54
2606:4700:3037::6815:4cda
2606:4700:3037::6815:bab
2606:4700:3037::ac43:a609
2606:4700:3037::ac43:b2fd
2606:4700:3037::ac43:b7d8
2606:4700:3037::ac43:c531
2606:4700:3037::ac43:c94e
2606:4700:3037::ac43:caa7
2606:4700:3037::ac43:d8da
2606:4700:3108::ac42:28c9
2606:4700:3108::ac42:2b37
2606:4700:7::60
2606:4700::6810:aee2
2606:4700::6810:afe2
2606:4700::6812:2ec
2606:4700::6812:3ec
2606:4700::6812:4b5
2606:4700::6812:5b5
2a06:98c1:3120::3
2a06:98c1:3121::3
2a06:98c1:58::60
