# name: UNR-LaLiga-IPv6
# type: ipv6-address-group
# description: LaLiga streaming IPv6 endpoints (auto-generated from hayahora.futbol)

2606:4700:20::681a:163
2606:4700:20::681a:1b7
2606:4700:20::681a:259
2606:4700:20::681a:359
2606:4700:20::681a:40e
2606:4700:20::681a:50e
2606:4700:20::681a:63
2606:4700:20::681a:6ad
2606:4700:20::681a:6c5
2606:4700:20::681a:7ad
2606:4700:20::681a:7c5
2606:4700:20::681a:ae3
2606:4700:20::681a:b7
2606:4700:20::681a:be3
2606:4700:20::681a:c54
2606:4700:20::681a:c55
2606:4700:20::681a:d54
2606:4700:20::681a:d55
2606:4700:20::681a:e03
2606:4700:20::681a:e31
2606:4700:20::681a:f03
2606:4700:20::681a:f31
2606:4700:20::ac43:450e
2606:4700:20::ac43:451b
2606:4700:20::ac43:451d
2606:4700:20::ac43:4548
2606:4700:20::ac43:46a2
2606:4700:20::ac43:4786
2606:4700:20::ac43:4952
2606:4700:20::ac43:49c1
2606:4700:20::ac43:4a2a
2606:4700:20::ac43:4b0b
2606:4700:20::ac43:4b51
2606:4700:2ff9::1
2606:4700:3030::6815:54c0
2606:4700:3030::6815:566e
2606:4700:3030::ac43:c944
2606:4700:3031::6815:2170
2606:4700:3031::6815:4f9b
2606:4700:3031::ac43:830d
2606:4700:3031::ac43:9081
2606:4700:3031::ac43:a1e3
2606:4700:3031::ac43:c438
2606:4700:3031::ac43:dfc0
2606:4700:3032::6815:17d4
2606:4700:3032::6815:2c85
2606:4700:3032::6815:402d
2606:4700:3032::6815:488d
2606:4700:3032::6815:a0e
2606:4700:3032::ac43:90e3
2606:4700:3032::ac43:9bbc
2606:4700:3032::ac43:d1fa
2606:4700:3032::ac43:da91
2606:4700:3033::6815:12cf
2606:4700:3033::6815:162d
2606:4700:3033::6815:9e5
2606:4700:3033::ac43:8bde
2606:4700:3033::ac43:b009
2606:4700:3033::ac43:c0c9
2606:4700:3033::ac43:dff9
2606:4700:3034::6815:30b7
2606:4700:3034::6815:3ae8
2606:4700:3034::ac43:8339
2606:4700:3034::ac43:b759
2606:4700:3034::ac43:c891
2606:4700:3034::ac43:d5ae
2606:4700:3036::6815:194e
2606:4700:3036::6815:411a
2606:4700:3036::6815:41a0
2606:4700:3036::ac43:9275
2606:4700:3036::ac43:9325
2606:4700:3037::6815:1c4e
2606:4700:3037::6815:2c0a
2606:4700:3037::6815:4773
2606:4700:3037::6815:4cda
2606:4700:3037::ac43:caa7
2a06:98c1:3120::3
2a06:98c1:3120::5
2a06:98c1:3121::3
2a06:98c1:3121::5
