# name: UNR-LaLiga-IPv4
# type: address-group
# description: LaLiga streaming IPv4 endpoints (auto-generated from hayahora.futbol)

104.21.10.14
104.21.12.160
104.21.12.32
104.21.18.207
104.21.19.85
104.21.22.45
104.21.23.212
104.21.24.32
104.21.25.78
104.21.28.78
104.21.33.112
104.21.44.10
104.21.44.133
104.21.48.183
104.21.58.232
104.21.64.45
104.21.65.160
104.21.65.26
104.21.70.243
104.21.71.115
104.21.72.141
104.21.76.218
104.21.79.155
104.21.82.97
104.21.84.192
104.21.86.110
104.21.9.229
104.26.0.183
104.26.0.249
104.26.0.99
104.26.1.183
104.26.1.249
104.26.1.99
104.26.10.225
104.26.10.227
104.26.11.225
104.26.11.227
104.26.12.164
104.26.12.38
104.26.12.84
104.26.12.85
104.26.13.164
104.26.13.38
104.26.13.84
104.26.13.85
104.26.14.3
104.26.14.32
104.26.14.49
104.26.14.60
104.26.15.3
104.26.15.32
104.26.15.49
104.26.15.60
104.26.2.228
104.26.2.89
104.26.3.228
104.26.3.89
104.26.4.102
104.26.4.14
104.26.5.102
104.26.5.14
104.26.6.173
104.26.6.197
104.26.7.173
104.26.7.197
104.26.8.99
104.26.9.99
143.244.56.52
143.244.56.53
163.181.49.181
163.181.49.183
163.181.49.190
163.181.49.203
172.64.66.1
172.67.131.13
172.67.131.237
172.67.131.57
172.67.139.222
172.67.140.252
172.67.144.129
172.67.144.227
172.67.146.117
172.67.147.37
172.67.155.188
172.67.161.227
172.67.176.9
172.67.183.89
172.67.185.175
172.67.192.201
172.67.195.34
172.67.196.56
172.67.196.60
172.67.199.227
172.67.200.145
172.67.200.91
172.67.201.68
172.67.202.167
172.67.209.250
172.67.213.174
172.67.216.131
172.67.218.145
172.67.220.241
172.67.223.192
172.67.223.249
172.67.69.14
172.67.69.232
172.67.69.27
172.67.69.29
172.67.69.72
172.67.70.162
172.67.70.74
172.67.71.101
172.67.71.134
172.67.72.129
172.67.72.203
172.67.72.221
172.67.73.193
172.67.73.71
172.67.73.82
172.67.74.105
172.67.74.148
172.67.74.157
172.67.74.42
172.67.75.11
172.67.75.81
185.244.226.2
185.27.134.223
188.114.96.3
188.114.96.5
188.114.97.3
188.114.97.5
192.124.249.182
192.124.249.53
43.152.188.52
45.11.37.254
45.11.38.254
45.11.39.254
47.246.45.179
47.246.45.183
5.188.183.13
51.15.61.80
66.33.60.194
66.33.60.66
